filename
ieeg/sub-068_task-sleepNREM_acq-hfo2000Hz_ieeg.vhdr
